1.132645993493497372e-03
1.161237829364836216e-03
1.161237829364836216e-03
1.161237829364836216e-03
1.161237829364836216e-03
1.161237829364836216e-03
1.161237829364836216e-03
1.161237829364836216e-03
1.161237829364836216e-03
1.161237829364836216e-03
1.161237829364836216e-03
1.161237829364836216e-03
1.161237829364836216e-03
1.161237829364836216e-03
1.161237829364836216e-03
1.161237829364836216e-03
1.161237829364836216e-03
1.161237829364836216e-03
1.161237829364836216e-03
1.161237829364836216e-03
